QRcode 0.998349428177 0.250403910875 0.940811276436 0.317892998457 0.978140115738
Signalsign 0.994372844696 0.359546899796 0.00351354852319 0.514481306076 0.0786654651165
Duckie 0.988339424133 0.321086198092 0.938061952591 0.392598837614 0.978180408478
Duckiebot 0.985913455486 0.06802713871 0.633856713772 0.161029979587 0.689478456974
Duckie 0.981248497963 0.349823981524 0.237293288112 0.396810442209 0.272439688444
Duckie 0.960817098618 0.360440820456 0.636741220951 0.408601373434 0.683344423771
Trafficlight 0.889739096165 0.297649979591 0.599862575531 0.386145532131 0.690021038055
QRcode 0.799914002419 0.336735039949 0.395871162415 0.375506907701 0.41960811615
QRcode 0.796696484089 0.212118253112 0.00168612226844 0.349182367325 0.0726099163294
Intersectionsign 0.56240695715 0.294694244862 0.46618103981 0.352522194386 0.49249625206
