Intersectionsign 0.987922608852 0.32191362977 0.575088560581 0.361525684595 0.621928751469
QRcode 0.985809504986 0.284840852022 0.370107322931 0.320940166712 0.398505240679
Trafficlight 0.953241050243 0.320416867733 0.371794134378 0.359777808189 0.402021855116
Duckiebot 0.899144470692 0.298985481262 0.503414690495 0.320491850376 0.522069394588
Intersectionsign 0.872827470303 0.318752497435 0.504565656185 0.340918570757 0.522269427776
Intersectionsign 0.872552156448 0.245054766536 0.742243349552 0.374458730221 0.766040980816
QRcode 0.810006141663 0.272608697414 0.166681453586 0.345474660397 0.205227449536
Intersectionsign 0.694589018822 0.336707413197 0.178031176329 0.525082707405 0.402009814978
QRcode 0.646959722042 0.200448796153 0.460682660341 0.24031932652 0.486245006323
Intersectionsign 0.63583701849 0.342988610268 0.164575576782 0.423166513443 0.204519689083
Duckiebot 0.527020871639 0.291992276907 0.67972689867 0.332970529795 0.701881229877
