Intersectionsign 0.999661445618 0.23271176219 0.587723135948 0.274717360735 0.617385864258
Trafficlight 0.997924208641 0.39012876153 0.316127628088 0.473897188902 0.378591686487
Intersectionsign 0.997555732727 0.280219256878 0.294783860445 0.320203304291 0.320115417242
QRcode 0.992211222649 0.283778041601 0.583822846413 0.325088590384 0.616913557053
Duckie 0.977600157261 0.292746424675 0.665197908878 0.412505686283 0.70574015379
Signalsign 0.971035420895 0.23969013989 0.29549703002 0.276937425137 0.319830566645
QRcode 0.96345192194 0.408850222826 0.724566042423 0.499783784151 0.788240849972
QRcode 0.950573205948 0.308353096247 0.0765997692943 0.390774101019 0.116521604359
QRcode 0.938750386238 0.233314037323 0.0697266831994 0.306824743748 0.106507845223
Duckie 0.89527285099 0.165962859988 0.395514845848 0.205920293927 0.424762964249
Intersectionsign 0.797955393791 0.184257611632 0.680791378021 0.285495430231 0.707703948021
