Duckie 0.993175566196 0.209112167358 0.678768873215 0.340427875519 0.739289045334
Duckie 0.975253760815 0.352556675673 0.363424450159 0.40241214633 0.430689781904
QRcode 0.971602618694 0.347422748804 0.535922706127 0.396505922079 0.575745284557
Trafficlight 0.954514205456 0.347071945667 0.372401088476 0.38400042057 0.431880444288
QRcode 0.937393903732 0.286158651114 0.534326136112 0.342805713415 0.577144682407
Signalsign 0.925017058849 0.310536563396 0.13439424336 0.360918164253 0.163774713874
Intersectionsign 0.824390590191 0.366483271122 0.136940523982 0.418357789516 0.165939822793
Duckiebot 0.752951323986 0.191642343998 0.270133793354 0.258449822664 0.303431689739
QRcode 0.66186183691 0.345471560955 0.675520181656 0.5019120574 0.736716151237
Duckiebot 0.562628149986 0.446369767189 0.273203879595 0.521999299526 0.334737628698
Intersectionsign 0.505104422569 0.462166517973 0.761664450169 0.56010466814 0.830176174641
