Duckiebot 0.99947732687 0.287060141563 0.718232631683 0.318554520607 0.742412805557
Duckie 0.97480237484 0.30952873826 0.777501285076 0.360756725073 0.793085515499
Duckie 0.971590816975 0.251782119274 0.717801451683 0.283985495567 0.742538094521
Signalsign 0.947248876095 0.270137250423 0.396976053715 0.312802553177 0.413444876671
Duckie 0.888291478157 0.224893510342 0.392410993576 0.266413956881 0.409020245075
QRcode 0.871930718422 0.189745202661 0.578794002533 0.211699798703 0.593900203705
Intersectionsign 0.795288980007 0.259387642145 0.776999771595 0.31009349227 0.793995797634
Trafficlight 0.764169633389 0.382627606392 0.273757785559 0.402773201466 0.354112714529
Signalsign 0.729858875275 0.297780454159 0.509318053722 0.314469277859 0.524120986462
QRcode 0.714036464691 0.244089439511 0.470688939095 0.269314795732 0.490380764008
Intersectionsign 0.711670517921 0.412816166878 0.288585603237 0.49745374918 0.363647639751
QRcode 0.675421476364 0.474842846394 0.00763193331659 0.602179348469 0.0597264394164
QRcode 0.656281650066 0.271283686161 0.53419148922 0.311090409756 0.588369846344
