Trafficlight 0.997530639172 0.330388754606 0.243821099401 0.368476599455 0.271115869284
Duckie 0.993669092655 0.370787262917 0.24492546916 0.41079801321 0.271566718817
Intersectionsign 0.975789427757 0.401554703712 0.0697412788868 0.487950503826 0.109450027347
Duckie 0.975724279881 0.318624585867 0.0655455738306 0.399052888155 0.102453619242
QRcode 0.97125005722 0.273520231247 0.682442247868 0.369866013527 0.718116343021
Intersectionsign 0.893181502819 0.375095784664 0.676543474197 0.484327435493 0.715521097183
Signalsign 0.665303707123 0.403888612986 0.434031069279 0.433135062456 0.456825494766
QRcode 0.652477502823 0.325284034014 0.566490113735 0.359820336103 0.592779934406
QRcode 0.637495219707 0.555531322956 0.859661817551 0.667096912861 0.934577703476
Signalsign 0.589202582836 0.254213809967 0.384774148464 0.280226290226 0.402626335621
