Duckie 0.999446213245 0.322828173637 0.514231443405 0.339182317257 0.529032468796
QRcode 0.997603714466 0.251842588186 0.794489085674 0.297526448965 0.827292978764
Duckie 0.995666503906 0.308943986893 0.795992612839 0.354077219963 0.826347231865
Duckiebot 0.995190143585 0.237967193127 0.158675998449 0.325569093227 0.213490247726
QRcode 0.949087560177 0.337142080069 0.161485716701 0.46549770236 0.233118727803
Trafficlight 0.923708498478 0.152447223663 0.58477640152 0.199669510126 0.619816303253
QRcode 0.853946268559 0.278055131435 0.435948878527 0.328260242939 0.450985640287
Signalsign 0.843702316284 0.368816792965 0.0081047154963 0.422369778156 0.0707813799381
QRcode 0.81152677536 0.456419587135 0.0189882032573 0.550892353058 0.072024717927
Intersectionsign 0.798879742622 0.321890711784 0.961986124516 0.456363737583 1.0
Duckie 0.753299236298 0.384647220373 0.489252567291 0.46891310811 0.556846857071
