Duckie 0.999504685402 0.241626918316 0.606522023678 0.278914451599 0.632510006428
Intersectionsign 0.996440827847 0.252060353756 0.343044877052 0.279990851879 0.364208579063
Stopsign 0.995912492275 0.291526287794 0.225182041526 0.352916449308 0.251408070326
QRcode 0.99469524622 0.283424407244 0.341260373592 0.314019829035 0.363626599312
QRcode 0.993515729904 0.287608385086 0.607721567154 0.327686667442 0.633993029594
QRcode 0.993466436863 0.539283871651 0.851106286049 0.633396029472 0.990641117096
QRcode 0.964368760586 0.29499617219 0.692142546177 0.379102140665 0.716375887394
QRcode 0.952136278152 0.232546404004 0.223232924938 0.288878709078 0.250508338213
Stopsign 0.943423211575 0.216664746404 0.692369937897 0.292579352856 0.715260863304
Intersectionsign 0.736978828907 0.417693406343 0.400180488825 0.529784679413 0.481126397848
