Intersectionsign 0.992916464806 0.319595307112 0.606045722961 0.346525579691 0.625848650932
QRcode 0.991422712803 0.395084738731 0.00507716834545 0.522978425026 0.0578087493777
Intersectionsign 0.974092364311 0.434509366751 0.178212463856 0.457600206137 0.255642563105
Signalsign 0.9501542449 0.351342111826 0.883972346783 0.494103878736 0.94541734457
QRcode 0.94408851862 0.318444609642 0.410572826862 0.343042254448 0.4280590415
QRcode 0.926064074039 0.339734494686 0.671864032745 0.362828791142 0.700935840607
QRcode 0.925507962704 0.2170163095 0.885734438896 0.343581825495 0.950735926628
QRcode 0.894598603249 0.223350539804 0.958380937576 0.361394166946 1.0
QRcode 0.885322928429 0.370763838291 0.949432373047 0.510315418243 1.0
QRcode 0.622214615345 0.294739753008 0.598383426666 0.320779651403 0.615807533264
