Intersectionsign 0.999466359615 0.224154293537 0.637906074524 0.271676599979 0.668781280518
QRcode 0.999122083187 0.263436436653 0.282225877047 0.305704832077 0.305940717459
Signalsign 0.998779714108 0.275160074234 0.635214686394 0.324036061764 0.668028235435
Signalsign 0.991127967834 0.169663101435 0.442740380764 0.201901525259 0.462878227234
QRcode 0.974870204926 0.295786619186 0.760449707508 0.410330176353 0.808249056339
QRcode 0.953344404697 0.294745534658 0.0835247188807 0.394686073065 0.128503635526
QRcode 0.953283429146 0.448412358761 0.876540362835 0.477748453617 0.963006317616
Trafficlight 0.895895779133 0.220912128687 0.287485092878 0.260124623775 0.310179620981
QRcode 0.880410909653 0.203717589378 0.0808294788003 0.291331917048 0.119127057493
QRcode 0.855596601963 0.261231899261 0.228212565184 0.313683211803 0.250759541988
Intersectionsign 0.680130720139 0.181822478771 0.774034380913 0.282624691725 0.8112667799
