Duckie 0.998243331909 0.269626140594 0.905951023102 0.379660904408 0.947167873383
Duckiebot 0.996995091438 0.353671789169 0.686421811581 0.401989758015 0.717670500278
Duckie 0.989289283752 0.301618099213 0.689518690109 0.346751749516 0.717832684517
Duckiebot 0.952629983425 0.341812700033 0.41892132163 0.385310441256 0.448567062616
QRcode 0.935718536377 0.226395398378 0.555906295776 0.271611124277 0.58807015419
QRcode 0.909020662308 0.538377046585 0.0127363465726 0.591105699539 0.0998164862394
Trafficlight 0.826018095016 0.394069731236 0.889302134514 0.530595719814 0.941095709801
QRcode 0.800410807133 0.349617421627 0.223932623863 0.444840788841 0.307853102684
Intersectionsign 0.693864762783 0.397801727057 0.830891370773 0.417535215616 0.846129894257
QRcode 0.689458250999 0.355420291424 0.192871138453 0.458254098892 0.274140536785
Intersectionsign 0.622573435307 0.373529016972 0.599115729332 0.392181634903 0.614068388939
