Duckiebot 0.99933296442 0.244319498539 0.70405292511 0.278861224651 0.727019548416
Trafficlight 0.997965693474 0.287149250507 0.700747907162 0.321112275124 0.72257655859
QRcode 0.992879927158 0.238460555673 0.41308131814 0.272150993347 0.437674254179
Intersectionsign 0.990604221821 0.278650105 0.294062256813 0.341871380806 0.317312955856
Signalsign 0.98422318697 0.27634319663 0.416025489569 0.309691697359 0.439758569002
QRcode 0.97797203064 0.406081229448 0.133087545633 0.435918539762 0.231044888496
QRcode 0.969810307026 0.219095081091 0.296540260315 0.278379291296 0.318519532681
QRcode 0.89941072464 0.23686632514 0.793565750122 0.309361606836 0.81161916256
Signalsign 0.861707746983 0.322451293468 0.791458666325 0.402625441551 0.810665547848
QRcode 0.844360113144 0.186570689082 0.53957003355 0.215940073133 0.558419406414
Intersectionsign 0.549936950207 0.277446061373 0.583424448967 0.304557651281 0.619980335236
