Duckie 0.999734580517 0.190655827522 0.75270909071 0.274405539036 0.786321699619
QRcode 0.998644888401 0.500092387199 0.844985723495 0.572627305984 0.993760704994
Stopsign 0.998634874821 0.281736075878 0.657624304295 0.323952376842 0.691041529179
QRcode 0.998190820217 0.234882250428 0.655427217484 0.274709939957 0.688265919685
Stopsign 0.997565627098 0.314165621996 0.172628119588 0.386839717627 0.212137594819
QRcode 0.995588421822 0.236087322235 0.167185798287 0.305433630943 0.204858914018
Intersectionsign 0.984578847885 0.283095210791 0.753095149994 0.368510872126 0.787089824677
QRcode 0.972244143486 0.247321024537 0.34856402874 0.282927215099 0.373517513275
QRcode 0.967949986458 0.282965570688 0.34539026022 0.321113497019 0.372151374817
Intersectionsign 0.57753610611 0.419684737921 0.0101396366954 0.492516368628 0.0479403994977
