Signalsign 0.999157786369 0.227240890265 0.600569784641 0.278352528811 0.63545948267
QRcode 0.993536293507 0.323414802551 0.837227404118 0.477477967739 0.907763183117
Duckie 0.993217051029 0.282643914223 0.314935386181 0.33071488142 0.345296442509
Signalsign 0.986609637737 0.279537498951 0.598914980888 0.333437740803 0.6360476017
Trafficlight 0.986158907413 0.182248175144 0.858396410942 0.310512512922 0.915835380554
Intersectionsign 0.965180516243 0.148946106434 0.45295932889 0.191266059875 0.486088424921
QRcode 0.960045397282 0.23652946949 0.312466681004 0.282793283463 0.345591366291
QRcode 0.935322344303 0.30685967207 0.508262097836 0.326543629169 0.523456394672
QRcode 0.906341254711 0.320294499397 0.0526700541377 0.426168978214 0.10728482157
Intersectionsign 0.879135012627 0.228787511587 0.039917178452 0.311601191759 0.0879313722253
