QRcode 0.994694888592 0.340332776308 0.749753415585 0.381422609091 0.784585297108
Intersectionsign 0.976886212826 0.267518460751 0.849317193031 0.381654918194 0.88773047924
QRcode 0.946674406528 0.367938041687 0.0152319669724 0.689215898514 0.282200872898
Signalsign 0.936987698078 0.390981912613 0.850422263145 0.499174296856 0.886017918587
QRcode 0.936970829964 0.366021811962 0.229428753257 0.424544930458 0.267391145229
QRcode 0.847832977772 0.382593482733 0.749222993851 0.422772735357 0.785333037376
QRcode 0.82891023159 0.298214882612 0.224889695644 0.362526327372 0.262345641851
Duckiebot 0.750510394573 0.358425408602 0.430719792843 0.399133294821 0.461013555527
Intersectionsign 0.731857597828 0.298214882612 0.224889695644 0.362526327372 0.262345641851
Intersectionsign 0.537908494473 0.358380377293 0.394747674465 0.400739550591 0.412919342518
