Duckiebot 0.998094022274 0.430319368839 0.762205421925 0.453386425972 0.862510025501
Duckie 0.996504664421 0.355816066265 0.143526226282 0.378000974655 0.158902496099
Intersectionsign 0.996072649956 0.225058034062 0.693175554276 0.282844275236 0.734762430191
Signalsign 0.995280444622 0.301892727613 0.241154506803 0.358679145575 0.280583202839
QRcode 0.993664860725 0.376355141401 0.187634661794 0.419877022505 0.223971828818
Duckie 0.960138380527 0.28360876441 0.688938140869 0.352821022272 0.738989591599
QRcode 0.944219052792 0.236670732498 0.241561561823 0.287535786629 0.275490552187
Intersectionsign 0.7056235075 0.256245464087 0.569435119629 0.279456228018 0.587540984154
Duckie 0.581822454929 0.588321626186 0.725447773933 0.788305222988 0.869948863983
QRcode 0.516382277012 0.276653856039 0.347279191017 0.35273578763 0.446682810783
