Intersectionsign 0.999230980873 0.336899548769 0.329759865999 0.378624171019 0.368554204702
Trafficlight 0.999220490456 0.210849478841 0.221517682076 0.276647239923 0.259934812784
Duckie 0.996493279934 0.383595585823 0.447827666998 0.40909320116 0.545420646667
Duckie 0.995360195637 0.287028372288 0.222752392292 0.357184052467 0.265642523766
Duckie 0.993025064468 0.32460308075 0.848374128342 0.43314230442 0.919136285782
QRcode 0.97272759676 0.436770200729 0.0841189026833 0.522553503513 0.149298503995
QRcode 0.961283624172 0.336087107658 0.525986015797 0.371977508068 0.56130450964
QRcode 0.697373628616 0.344450980425 0.387495934963 0.385359555483 0.428694963455
Intersectionsign 0.685858845711 0.0 0.156547725201 0.0715856552124 0.217725098133
Duckie 0.560542345047 0.206367909908 0.849751651287 0.3136100173 0.921245396137
