QRcode 0.999489188194 0.29573404789 0.38480246067 0.331847608089 0.411817789078
Signalsign 0.998405516148 0.290135085583 0.472547322512 0.344242930412 0.533199250698
Duckie 0.984208881855 0.520645856857 0.931353330612 0.668972373009 1.0
QRcode 0.975750625134 0.241683423519 0.667482852936 0.282328188419 0.698358297348
Duckie 0.926420509815 0.283744245768 0.670310676098 0.328127294779 0.701881110668
Intersectionsign 0.92427867651 0.211341232061 0.822301983833 0.291396290064 0.861337661743
QRcode 0.904646337032 0.373353511095 0.737888932228 0.415702849627 0.776340723038
Intersectionsign 0.850565254688 0.296545535326 0.811688005924 0.398618847132 0.859914600849
Duckie 0.847458779812 0.361570507288 0.615083813667 0.405612617731 0.661662817001
Duckiebot 0.715429782867 0.249668076634 0.379714280367 0.284583926201 0.406426042318
QRcode 0.606758654118 0.456205129623 0.0745190680027 0.490353345871 0.171180531383
