Duckiebot 0.998210549355 0.34853708744 0.819106280804 0.621938109398 0.958174645901
QRcode 0.997848391533 0.335732519627 0.407634168863 0.360839247704 0.430986732244
Duckie 0.996685683727 0.322661012411 0.628467261791 0.379010468721 0.673525512218
Intersectionsign 0.995839715004 0.258371829987 0.626525521278 0.314525604248 0.671833872795
Intersectionsign 0.99316483736 0.325608491898 0.285409241915 0.349049985409 0.303409665823
Duckie 0.947013735771 0.430394232273 0.126220136881 0.531867802143 0.204420179129
Duckie 0.938916027546 0.110067017376 0.862463951111 0.337578415871 0.975397825241
Intersectionsign 0.907046198845 0.226998120546 0.211775153875 0.280971437693 0.235766917467
QRcode 0.847850799561 0.368327587843 0.202972963452 0.418439000845 0.244442388415
Duckie 0.839892685413 0.282712727785 0.211772635579 0.335576742887 0.235286608338
QRcode 0.54963850975 0.329520702362 0.705587089062 0.464874386787 0.821077048779
