QRcode 0.999658465385 0.235043436289 0.4765625 0.325072139502 0.534907817841
Duckie 0.999435842037 0.397615045309 0.831104755402 0.417104274035 0.847090959549
Duckie 0.968905985355 0.383996903896 0.652019560337 0.409874796867 0.674983680248
Duckie 0.967928767204 0.727262973785 0.0641843155026 1.0 0.232984304428
QRcode 0.920165002346 0.389229416847 0.794795453548 0.410766303539 0.812100946903
Intersectionsign 0.911367177963 0.409967213869 0.933784902096 0.429285675287 0.948971450329
Duckie 0.909987926483 0.283232182264 0.00212333444506 0.389627784491 0.0232939235866
Duckie 0.880786240101 0.337926328182 0.477469205856 0.411271691322 0.528463363647
Duckie 0.860572516918 0.763533473015 0.266998678446 0.999636054039 0.495336920023
Duckie 0.810402750969 0.396322160959 0.894973695278 0.411701351404 0.907637417316
Duckie 0.683650612831 0.385915696621 0.431487441063 0.432934761047 0.463923692703
Intersectionsign 0.672415018082 0.415300130844 0.67645907402 0.433071017265 0.729859828949
