QRcode 0.989267647266 0.25827267766 0.908937394619 0.31721970439 0.949420392513
Duckie 0.970146656036 0.219919249415 0.50745588541 0.273873358965 0.54434555769
Duckie 0.964377760887 0.311076939106 0.905048131943 0.381291031837 0.949518203735
Duckie 0.952000021935 0.318451374769 0.400248557329 0.34046831727 0.418182045221
Duckie 0.892245650291 0.546857833862 0.891741275787 0.692534923553 0.986741304398
Duckie 0.846802353859 0.33284124732 0.475215524435 0.373020201921 0.504662156105
Duckie 0.833234548569 0.341366201639 0.752155482769 0.37450376153 0.774899423122
QRcode 0.694556295872 0.343537032604 0.704594194889 0.381616175175 0.732777416706
Signalsign 0.606951653957 0.318095326424 0.407920122147 0.333429217339 0.421423733234
Intersectionsign 0.529936909676 0.280234903097 0.506829798222 0.334896594286 0.546087682247
