Trafficlight 0.985452473164 0.212727352977 0.668981909752 0.277978003025 0.689553618431
Duckie 0.973883628845 0.317372143269 0.571728765965 0.349717915058 0.593401968479
QRcode 0.843276441097 0.369615107775 0.0936010479927 0.401386409998 0.115555346012
QRcode 0.839354991913 0.309798419476 0.466941833496 0.326622724533 0.479730904102
QRcode 0.816396355629 0.31105068326 0.397645533085 0.328091233969 0.410897433758
Duckie 0.786483645439 0.289767920971 0.661721646786 0.369208097458 0.684543073177
Duckie 0.631657361984 0.270924687386 0.60000783205 0.320348381996 0.631363213062
Duckie 0.607727348804 0.311396360397 0.186918571591 0.379735052586 0.218257769942
Duckie 0.51414257288 0.408094972372 0.00969813857228 0.449069112539 0.0385947823524
Intersectionsign 0.513746321201 0.201740443707 0.441883832216 0.22843465209 0.460312694311
