QRcode 0.999328017235 0.195402398705 0.704454421997 0.290862232447 0.739493489265
Duckiebot 0.997419834137 0.229421302676 0.574820935726 0.26853197813 0.607835352421
Signalsign 0.996470451355 0.237360611558 0.254175662994 0.273188948631 0.283542633057
Duckie 0.990442574024 0.316459357738 0.0816380977631 0.407435655594 0.118491590023
QRcode 0.965615272522 0.16686296463 0.395349293947 0.203045874834 0.419692784548
QRcode 0.958034873009 0.273371577263 0.573042213917 0.314652621746 0.606723487377
Trafficlight 0.934131979942 0.281225532293 0.257340699434 0.321340352297 0.283956736326
QRcode 0.918738901615 0.485561609268 0.876973330975 0.599286079407 0.95622843504
Signalsign 0.783076226711 0.232447147369 0.077940389514 0.311873614788 0.112447991967
Intersectionsign 0.709280610085 0.375322699547 0.0665790140629 1.0 0.948387980461
Intersectionsign 0.681109964848 0.301016330719 0.691008269787 0.394490659237 0.731102287769
