Intersectionsign 0.996507942677 0.232989937067 0.695802628994 0.279680758715 0.724661886692
QRcode 0.996099948883 0.286757051945 0.208889201283 0.373961925507 0.249770745635
QRcode 0.994879722595 0.440577417612 0.901784539223 0.46499595046 0.975419282913
Signalsign 0.957174777985 0.218348890543 0.811035990715 0.300680249929 0.839206814766
Duckie 0.935673952103 0.283068090677 0.69337028265 0.333330124617 0.723773181438
QRcode 0.932945787907 0.661497533321 0.00696819275618 0.903209149837 0.140171945095
Intersectionsign 0.840229809284 0.239169508219 0.368082672358 0.27466866374 0.394059032202
QRcode 0.810576796532 0.273084074259 0.371913284063 0.309806078672 0.398632794619
QRcode 0.796381175518 0.309758603573 0.796119570732 0.399417102337 0.830990791321
Intersectionsign 0.62105089426 0.212295919657 0.211320623755 0.283662110567 0.244086310267
