Duckie 0.991998851299 0.271803170443 0.37272554636 0.330284208059 0.415827155113
QRcode 0.988134503365 0.347954779863 0.800834596157 0.402548104525 0.83432585001
QRcode 0.976666927338 0.33368101716 0.512223541737 0.433267980814 0.634057819843
Duckie 0.974826276302 0.144939005375 0.630384802818 0.200986385345 0.667507886887
QRcode 0.974611401558 0.288811087608 0.808221578598 0.34160721302 0.842062711716
Intersectionsign 0.968664586544 0.332970261574 0.374478459358 0.39249920845 0.41748726368
Trafficlight 0.841409623623 0.411564707756 0.141496956348 0.430782079697 0.161438941956
Duckiebot 0.812923669815 0.348411679268 0.786375284195 0.405619204044 0.805502295494
QRcode 0.764785289764 0.380614101887 0.00199333950877 0.606979429722 0.0985725224018
Signalsign 0.550662457943 0.400276333094 0.192563533783 0.416666120291 0.206627756357
