Duckie 0.998776614666 0.238297343254 0.663744747639 0.275217056274 0.69178622961
Duckie 0.997622072697 0.2788849473 0.379568964243 0.318123161793 0.40749886632
Signalsign 0.991249799728 0.278214722872 0.661314070225 0.315288215876 0.692032039165
QRcode 0.910484313965 0.222158864141 0.796518146992 0.304263234138 0.827503740788
Intersectionsign 0.859309792519 0.302946269512 0.442588150501 0.3189702034 0.456482648849
Duckie 0.706162035465 0.238106921315 0.374300926924 0.2705078125 0.400670677423
Intersectionsign 0.701406359673 0.316153943539 0.79149967432 0.411373257637 0.823185265064
QRcode 0.66454410553 0.238106921315 0.374300926924 0.2705078125 0.400670677423
QRcode 0.661554932594 0.31313726306 0.320094048977 0.333809167147 0.337097406387
Intersectionsign 0.540694236755 0.2927544415 0.545524537563 0.310907632113 0.560636818409
