Intersectionsign 0.999209880829 0.449191480875 0.606568753719 0.476778239012 0.703881442547
Signalsign 0.978465199471 0.39343598485 0.193747863173 0.411891013384 0.207799419761
QRcode 0.973059415817 0.419364988804 0.87966555357 0.656062424183 0.993465960026
Trafficlight 0.970088660717 0.414854496717 0.714584887028 0.460354477167 0.751553118229
QRcode 0.955147743225 0.286076664925 0.505875468254 0.335301578045 0.546828866005
Intersectionsign 0.953417778015 0.379405200481 0.113874450326 0.434844136238 0.147035494447
Duckie 0.927855074406 0.187806218863 0.267590135336 0.248554378748 0.305656224489
QRcode 0.925062179565 0.335072726011 0.504496395588 0.39362218976 0.546036541462
Duckie 0.669005095959 0.325238496065 0.113037317991 0.374669402838 0.145907402039
QRcode 0.518454015255 0.220873296261 0.883752763271 0.406120181084 0.994872033596
