Intersectionsign 0.997752606869 0.253959745169 0.472294211388 0.300067216158 0.529678940773
QRcode 0.996054172516 0.278717070818 0.166435196996 0.367434173822 0.194207325578
QRcode 0.99568092823 0.469625651836 0.00499554350972 0.528861582279 0.083899050951
Signalsign 0.995611727238 0.263425856829 0.631401658058 0.297689169645 0.658231258392
QRcode 0.982613623142 0.224816560745 0.632596254349 0.257495909929 0.65874171257
Signalsign 0.981948792934 0.230943784118 0.309239953756 0.272771656513 0.335533171892
Intersectionsign 0.959186971188 0.309054672718 0.789128124714 0.409813344479 0.83147341013
QRcode 0.939312458038 0.195108518004 0.163488075137 0.277082830667 0.192252203822
QRcode 0.916365027428 0.278886854649 0.317136734724 0.326290845871 0.349990695715
QRcode 0.706492602825 0.260479956865 0.618865728378 0.302861362696 0.635703206062
Duckiebot 0.544449806213 0.211567670107 0.800064086914 0.303039878607 0.843770980835
