Signalsign 0.99821126461 0.315019100904 0.380387544632 0.354809850454 0.41081225872
QRcode 0.991104662418 0.36892837286 0.279642432928 0.455806016922 0.305004566908
Duckie 0.989533603191 0.359494507313 0.382512360811 0.401582837105 0.411967426538
Intersectionsign 0.980785250664 0.248192578554 0.559151411057 0.286234766245 0.579313278198
QRcode 0.978805661201 0.317701846361 0.876449108124 0.396758049726 0.914341568947
Intersectionsign 0.905775129795 0.402268916368 0.868362188339 0.486808747053 0.912217140198
Trafficlight 0.815911829472 0.320216715336 0.694990813732 0.361153364182 0.722772657871
QRcode 0.704413533211 0.512872695923 0.0395129024982 0.588406682014 0.0958033651114
QRcode 0.645208537579 0.351116269827 0.695257365704 0.392195492983 0.724237620831
Signalsign 0.636288464069 0.279146164656 0.276235103607 0.358902722597 0.299852788448
