Intersectionsign 0.997736930847 0.359190821648 0.765334129333 0.402815699577 0.793129682541
QRcode 0.9957857728 0.317535966635 0.768241405487 0.356264978647 0.79636657238
Signalsign 0.987803041935 0.316601514816 0.467587441206 0.353829264641 0.49611184001
QRcode 0.986479222775 0.411269873381 0.901452362537 0.489467471838 0.937405407429
Trafficlight 0.979239702225 0.369571626186 0.37610861659 0.438910782337 0.396717458963
Intersectionsign 0.979129552841 0.328406304121 0.916621029377 0.406709760427 0.946639955044
QRcode 0.957829773426 0.280677974224 0.631944894791 0.302460670471 0.645825028419
QRcode 0.891520440578 0.357428371906 0.472788244486 0.397591710091 0.496882170439
Signalsign 0.60460883379 0.294563174248 0.375252217054 0.357838690281 0.393826395273
Intersectionsign 0.594852805138 0.383817374706 0.152708053589 0.407966852188 0.167091548443
QRcode 0.533121228218 0.347231388092 0.150475785136 0.376125216484 0.165897652507
