Duckie 0.997747480869 0.325929909945 0.768186092377 0.361975044012 0.79446709156
Intersectionsign 0.997052431107 0.364679038525 0.767290711403 0.404861748219 0.792445421219
QRcode 0.990053534508 0.373488754034 0.376340419054 0.443227142096 0.397865146399
Trafficlight 0.984412372112 0.412005543709 0.903743088245 0.491716742516 0.938850939274
Duckiebot 0.982449412346 0.330262720585 0.919368028641 0.405640900135 0.947845101357
Signalsign 0.978125095367 0.295468658209 0.376836299896 0.361906915903 0.396608710289
QRcode 0.954422473907 0.361298054457 0.475256353617 0.399900883436 0.503129899502
Signalsign 0.911644697189 0.319055825472 0.46642228961 0.357182592154 0.495352476835
Intersectionsign 0.89753305912 0.347574174404 0.534416854382 0.4056686759 0.606526196003
QRcode 0.875604152679 0.284947127104 0.633474886417 0.308006137609 0.64706248045
QRcode 0.738637924194 0.381668716669 0.15898168087 0.405879050493 0.17357558012
QRcode 0.671864569187 0.342301845551 0.154370054603 0.372001111507 0.170301213861
Intersectionsign 0.61912882328 0.361312001944 0.633380055428 0.374039024115 0.644348740578
