Trafficlight 0.998386621475 0.275564968586 0.694458901882 0.313936769962 0.72277790308
QRcode 0.996757686138 0.217285901308 0.179777577519 0.288961261511 0.213739141822
Intersectionsign 0.996150135994 0.237253665924 0.696072757244 0.272128760815 0.72321408987
Signalsign 0.989623844624 0.2726354599 0.370417743921 0.31921595335 0.402740627527
Duckiebot 0.985156059265 0.296947449446 0.182368606329 0.378328830004 0.214146673679
QRcode 0.981733679771 0.263994932175 0.528001725674 0.304112136364 0.592256128788
QRcode 0.981471776962 0.230629771948 0.368348807096 0.269398480654 0.398332446814
Intersectionsign 0.860032320023 0.206342622638 0.827509522438 0.30326500535 0.863209724426
Intersectionsign 0.74901252985 0.311808079481 0.81645399332 0.409662336111 0.860255897045
QRcode 0.501954197884 0.169658347964 0.518172800541 0.200755342841 0.536229789257
