Duckie 0.998586416245 0.410248696804 0.709123134613 0.439391255379 0.813985586166
Signalsign 0.99791520834 0.205937191844 0.597879946232 0.266707986593 0.642050921917
Duckie 0.99342828989 0.341790556908 0.125246688724 0.371900081635 0.147037163377
QRcode 0.972885847092 0.329703569412 0.677105545998 0.371249139309 0.707264065742
Trafficlight 0.967199444771 0.270345270634 0.595576226711 0.330455839634 0.636920034885
Duckie 0.966932237148 0.62895321846 0.011243365705 0.872274637222 0.167346984148
QRcode 0.963351070881 0.0876828357577 0.328354120255 0.153588414192 0.371021926403
Duckie 0.942795813084 0.299794018269 0.172438308597 0.352125108242 0.204027846456
Duckie 0.937855780125 0.322735130787 0.245278298855 0.344341039658 0.260383546352
Intersectionsign 0.76307874918 0.244781017303 0.174099326134 0.290398538113 0.203825712204
QRcode 0.741536140442 0.379619210958 0.826524019241 0.426278084517 0.862687349319
