Duckie 0.998831450939 0.268613189459 0.414153039455 0.320289045572 0.451232373714
QRcode 0.994486987591 0.279208064079 0.731430709362 0.332669794559 0.770177900791
Duckiebot 0.993969917297 0.322046041489 0.413299649954 0.3785353899 0.451754182577
Duckie 0.990602970123 0.194195643067 0.649418830872 0.245440796018 0.683879852295
QRcode 0.947304606438 0.191663488746 0.138953387737 0.321941137314 0.20740032196
Signalsign 0.946226894855 0.330048769712 0.728647649288 0.388481706381 0.767883360386
Trafficlight 0.89702552557 0.355878829956 0.610779523849 0.376418828964 0.62767970562
QRcode 0.806530058384 0.361821889877 0.0101043619215 0.446442425251 0.0819290727377
Intersectionsign 0.77953094244 0.330576479435 0.152764230967 0.510591030121 0.235382020473
Signalsign 0.741860508919 0.381953090429 0.85221350193 0.404968470335 0.871936321259
