Trafficlight 0.998203873634 0.321279644966 0.768813848495 0.358828365803 0.795560479164
QRcode 0.996373713017 0.360743254423 0.765564680099 0.403531461954 0.792366027832
Signalsign 0.987857222557 0.368643224239 0.376492470503 0.437170803547 0.397659987211
Signalsign 0.983103513718 0.411467790604 0.901834309101 0.489645898342 0.93743878603
Duckiebot 0.965380489826 0.328853487968 0.916301012039 0.407294392586 0.94643843174
Intersectionsign 0.95755392313 0.362159371376 0.58758610487 0.40485394001 0.640626251698
QRcode 0.948694288731 0.31427654624 0.464791089296 0.354106932878 0.494674891233
QRcode 0.939305841923 0.292854815722 0.375649213791 0.357733100653 0.39461940527
QRcode 0.853627383709 0.357399761677 0.472048282623 0.398222386837 0.497150063515
Intersectionsign 0.62173306942 0.282398611307 0.630685269833 0.301545351744 0.64446502924
