Intersectionsign 0.995543658733 0.32120603323 0.76548320055 0.361187696457 0.792859494686
Signalsign 0.993171334267 0.359904408455 0.768924236298 0.404495239258 0.79337823391
Duckiebot 0.991962730885 0.282246589661 0.625629246235 0.300828158855 0.639727056026
QRcode 0.986636579037 0.357747077942 0.472107112408 0.39917498827 0.495949268341
Signalsign 0.975331962109 0.32752725482 0.910031557083 0.409106165171 0.94185256958
Intersectionsign 0.971919476986 0.313492536545 0.465015232563 0.353525221348 0.494203567505
QRcode 0.936632394791 0.410195708275 0.900023698807 0.48950111866 0.9353069067
Trafficlight 0.799704313278 0.370667517185 0.591019153595 0.405653774738 0.635595321655
QRcode 0.655090928078 0.295163929462 0.37405872345 0.358770132065 0.394286513329
Intersectionsign 0.595441877842 0.344121068716 0.154032558203 0.373281270266 0.168450713158
