Duckiebot 0.998616456985 0.639900922775 0.00980395823717 0.73717546463 0.145240008831
QRcode 0.998485147953 0.327767908573 0.395411640406 0.369959890842 0.426656156778
Duckie 0.987841188908 0.36954203248 0.669277250767 0.414548486471 0.701811134815
Intersectionsign 0.986657321453 0.373012393713 0.394977301359 0.421857565641 0.427502185106
QRcode 0.98011726141 0.276953041553 0.209818691015 0.378519058228 0.253528118134
Trafficlight 0.973142147064 0.255513429642 0.582955539227 0.299153923988 0.615855753422
Signalsign 0.938242018223 0.383835524321 0.218237876892 0.507248938084 0.271280735731
QRcode 0.851340413094 0.320887178183 0.668535351753 0.364860743284 0.699528813362
QRcode 0.675234854221 0.527690529823 0.768229007721 0.630703449249 0.842431664467
Signalsign 0.644149005413 0.422617942095 0.942949175835 0.521555364132 0.99352824688
QRcode 0.570697188377 0.424072623253 0.0125460606068 0.487618923187 0.0682354420424
