Trafficlight 0.998752593994 0.372390836477 0.385174423456 0.440490752459 0.404669433832
Intersectionsign 0.998273611069 0.323741167784 0.769312024117 0.361698359251 0.797807097435
QRcode 0.994530856609 0.362156510353 0.771454930305 0.406260371208 0.799215197563
Signalsign 0.991871714592 0.412145555019 0.904507040977 0.491582691669 0.940545678139
Duckiebot 0.991413831711 0.296557217836 0.381172150373 0.363271743059 0.399900406599
QRcode 0.979214906693 0.329839944839 0.920410275459 0.40725171566 0.950999140739
Intersectionsign 0.974977374077 0.360542058945 0.474938511848 0.397656977177 0.503392994404
Signalsign 0.957359492779 0.359879851341 0.588014423847 0.40339756012 0.646328032017
QRcode 0.956399857998 0.320786327124 0.472394526005 0.355857163668 0.503081977367
QRcode 0.522408723831 0.383187144995 0.161803349853 0.406217485666 0.17503477633
Intersectionsign 0.512774646282 0.344769477844 0.156393483281 0.373647034168 0.171552076936
QRcode 0.50976639986 0.287280976772 0.633435726166 0.305321633816 0.64750623703
