QRcode 0.999295830727 0.223483890295 0.654525637627 0.326866716146 0.691080570221
Duckie 0.976801156998 0.340339064598 0.656946778297 0.444208025932 0.691141605377
Intersectionsign 0.964377760887 0.347704172134 0.487336009741 0.437583446503 0.590227544308
QRcode 0.963029384613 0.405347913504 0.00931643694639 0.505720257759 0.0543995425105
QRcode 0.953022837639 0.322644174099 0.0095459446311 0.406921565533 0.0504427067935
Signalsign 0.889049887657 0.389775663614 0.933267116547 0.412114650011 0.947584629059
QRcode 0.794907331467 0.308262765408 0.208366930485 0.361165165901 0.231057554483
Signalsign 0.763922095299 0.364408224821 0.204376369715 0.413787335157 0.225852400064
QRcode 0.651272952557 0.389703392982 0.860997378826 0.418264269829 0.877845704556
Duckiebot 0.58956182003 0.314403355122 0.528910219669 0.349811017513 0.559696853161
QRcode 0.568896889687 0.314403355122 0.528910219669 0.349811017513 0.559696853161
Intersectionsign 0.566628694534 0.364101231098 0.206491962075 0.410043179989 0.236315354705
