QRcode 0.992207944393 0.315515875816 0.875999212265 0.397191822529 0.913817644119
Signalsign 0.985901594162 0.320548266172 0.692180156708 0.362356334925 0.721291899681
Duckiebot 0.969251811504 0.372317224741 0.278009206057 0.455062836409 0.302290946245
Duckie 0.961305677891 0.32095015049 0.38464319706 0.355655908585 0.416022777557
Trafficlight 0.950980126858 0.401705771685 0.867763578892 0.489205688238 0.912127912045
Duckie 0.943983137608 0.415476828814 0.413659870625 0.458281308413 0.458961188793
Duckie 0.924217045307 0.374443262815 0.500244319439 0.389075189829 0.51215082407
QRcode 0.899890303612 0.246159315109 0.558545470238 0.285089790821 0.579874396324
Signalsign 0.856051921844 0.514435827732 0.0311560593545 0.590706288815 0.0931292772293
QRcode 0.648050785065 0.358017712831 0.364831775427 0.430991142988 0.43583509326
Intersectionsign 0.644441843033 0.281801640987 0.273189872503 0.365951359272 0.298103243113
Intersectionsign 0.610783040524 0.351992309093 0.693699359894 0.392708778381 0.723276376724
