Duckie 0.997641086578 0.394746243954 0.444505006075 0.421524405479 0.465134590864
QRcode 0.988440394402 0.320419877768 0.772055864334 0.374125748873 0.806784033775
Duckie 0.984706580639 0.36372050643 0.366850882769 0.415721744299 0.385870724916
Intersectionsign 0.976025700569 0.198529675603 0.542976438999 0.248389348388 0.576897680759
Signalsign 0.971802055836 0.399491012096 0.564062297344 0.430693924427 0.587940394878
QRcode 0.965921163559 0.438973009586 0.00462270528078 0.603401124477 0.0773681029677
Duckie 0.938646018505 0.293458014727 0.00241652876139 0.426391452551 0.0484605766833
Trafficlight 0.937286973 0.305372148752 0.364496976137 0.355774790049 0.381790190935
QRcode 0.789821445942 0.424757808447 0.102770894766 0.443886727095 0.119665071368
Intersectionsign 0.762002050877 0.380468815565 0.771601319313 0.436388641596 0.808278441429
Duckie 0.6753064394 0.397255629301 0.490056961775 0.425235182047 0.5112413764
