Duckiebot 0.997016072273 0.357821524143 0.224315837026 0.400781929493 0.257034152746
QRcode 0.993196487427 0.208771556616 0.756221711636 0.297443777323 0.820041239262
Intersectionsign 0.975476145744 0.392518877983 0.352530688047 0.424449801445 0.447660535574
QRcode 0.975434720516 0.19852873683 0.715194165707 0.289929926395 0.748018562794
Duckie 0.97064781189 0.307643741369 0.753532111645 0.403209120035 0.818244040012
QRcode 0.883882343769 0.355376183987 0.283435404301 0.402588248253 0.320486307144
Signalsign 0.871046483517 0.308567464352 0.104686200619 0.394024074078 0.15063610673
QRcode 0.839933633804 0.223987728357 0.104294255376 0.305545240641 0.146328940988
Intersectionsign 0.829011380672 0.303320169449 0.707784533501 0.393020868301 0.742152571678
Duckie 0.625393509865 0.388636380434 0.0438295006752 0.970741033554 0.954270064831
