Intersectionsign 0.976394355297 0.50956594944 0.120491877198 0.645846128464 0.21716375649
QRcode 0.967012047768 0.227404683828 0.598961234093 0.291609376669 0.623030185699
QRcode 0.930228590965 0.248985022306 0.0396772697568 0.341351658106 0.0651059672236
QRcode 0.925077080727 0.38775241375 0.165851607919 0.432121694088 0.19430090487
Duckie 0.918094873428 0.377920359373 0.223575159907 0.425103753805 0.256682425737
Duckie 0.909305214882 0.354203939438 0.343108266592 0.382475137711 0.365628272295
Duckie 0.857428491116 0.350940197706 0.0411566570401 0.433621436357 0.0722401067615
Intersectionsign 0.853508174419 0.30745407939 0.627721607685 0.369810730219 0.665673911572
Signalsign 0.699173390865 0.302288562059 0.591618001461 0.369308501482 0.617517888546
Duckie 0.631259679794 0.23435331881 0.627578139305 0.294427841902 0.666039466858
