QRcode 0.998710870743 0.35035854578 0.675096154213 0.404246330261 0.721561908722
QRcode 0.994338333607 0.488497763872 0.165579169989 0.544297277927 0.294511765242
QRcode 0.986562430859 0.281989514828 0.45674854517 0.326989352703 0.486398160458
Intersectionsign 0.966617465019 0.335887461901 0.805515825748 0.363789051771 0.828372895718
Duckie 0.955947875977 0.231842979789 0.947614729404 0.310424566269 0.984736979008
Duckie 0.949644982815 0.241877824068 0.455628752708 0.281704932451 0.482593894005
Signalsign 0.925160288811 0.326971322298 0.605025708675 0.375822454691 0.642339766026
Intersectionsign 0.91668176651 0.41593259573 0.161547422409 0.474669098854 0.201034009457
Duckie 0.890409290791 0.242731571198 0.713400483131 0.282063484192 0.743721723557
QRcode 0.888935685158 0.280728846788 0.711107492447 0.324050039053 0.744095087051
QRcode 0.859673678875 0.323708683252 0.942687511444 0.409677356482 0.983073472977
Duckie 0.516049683094 0.289206176996 0.342542529106 0.391643255949 0.379241168499
