QRcode 0.997385680676 0.335691273212 0.577569127083 0.372502446175 0.608877539635
QRcode 0.99594938755 0.372779786587 0.285670042038 0.447143733501 0.342145144939
Signalsign 0.99425560236 0.236917451024 0.663959026337 0.27696660161 0.69219648838
Duckie 0.986735343933 0.307649761438 0.509326100349 0.323347240686 0.522656798363
QRcode 0.980487763882 0.346788614988 0.490153968334 0.394617766142 0.528855264187
Duckie 0.980308532715 0.315935790539 0.412532389164 0.332432806492 0.427245974541
Duckie 0.944223165512 0.31597968936 0.383504480124 0.345253020525 0.406564861536
Duckie 0.942044854164 0.281704217196 0.656311690807 0.327334195375 0.687602937222
Duckie 0.764170408249 0.308679282665 0.451464086771 0.32505428791 0.464224010706
Intersectionsign 0.742510080338 0.235689580441 0.129886046052 0.305654525757 0.166177079082
Duckie 0.622065961361 0.290078580379 0.728993654251 0.388571739197 0.752727031708
Duckie 0.52762556076 0.311683177948 0.130007714033 0.39507162571 0.176340103149
