Intersectionsign 0.996537089348 0.508061230183 0.118535652757 0.645808875561 0.218173667789
QRcode 0.994731783867 0.385649591684 0.158558949828 0.433676451445 0.19210036099
Intersectionsign 0.983012259007 0.22839333117 0.598903238773 0.292281061411 0.622232139111
QRcode 0.97803580761 0.376454889774 0.223392918706 0.423503398895 0.257574647665
QRcode 0.940801620483 0.306974083185 0.626968026161 0.371765702963 0.667416334152
Duckie 0.935621857643 0.353368997574 0.344662159681 0.38050109148 0.36682215333
QRcode 0.89175337553 0.303599327803 0.589576721191 0.370259135962 0.619205355644
Duckie 0.873530626297 0.3498018682 0.0425946190953 0.432889789343 0.0741836354136
Signalsign 0.867994844913 0.247605249286 0.0401471816003 0.342931896448 0.0666676387191
Duckie 0.786321043968 0.402618974447 0.304215282202 0.43344309926 0.39065989852
Duckie 0.661308467388 0.231116771698 0.627651512623 0.297069191933 0.668494522572
